005105
007198
002805
001977
002729
004598
000393
001859
004422
004998
002966
000379
004011
001546
007157
002185
006340
001120
002730
004618
005857
006403
002900
004263
006424
001022
005576
006213
001419
006866
000684
005427
006488
000956
000984
000093
006003
001851
002193
000307
007376
000812
001253
005659
004140
002793
000196
004370
001177
000798
002644
000674
001822
006533
006531
002490
003252
001954
001710
002107
004007
005765
004465
005112
004228
002706
003240
004657
003029
002562
005656
002861
000803
006342
003677
000362
001065
001329
007323
001960
004683
002916
006872
002606
005919
007272
005298
006948
004596
004462
003396
007187
001352
006530
000351
003052
004660
003822
003469
002720
007027
002503
002081
004738
000048
006968
000496
000769
004004
001858
002233
001192
000199
007439
002846
000453
006083
004791
004373
003559
005498
003873
001442
002995
000613
007229
005153
007383
004206
003082
005807
000076
007287
004214
004999
000554
003676
004096
006269
007266
005649
004160
000949
006106
003631
000581
006388
004008
004695
000915
001749
000319
001131
003106
000152
005909
003496
004783
004917
006348
004021
004599
000183
000869
002745
000392
006781
003511
000503
007067
007169
002220
002978
000226
005939
002385
003156
004118
004773
000657
005287
005603
003787
005707
005322
001547
007072
002877
001966
003385
005925
002971
002014
002036
002919
001778
004314
003506
004649
002201
003417
006794
004516
004807
004988
004811
003024
006047
004438
002392
003982
003934
004452
004547
002786
003272
002183
002248
005325
006771
006425
006852
000266
005038
004327
000809
003946
004000
001511
005746
005704
006266
005996
006874
006754
000566
002108
000670
001416
004652
003504
003655
004068
005206
004739
003010
005052
000932
006532
003607
002255
001732
005777
000396
001597
001989
001600
005017
005542
001006
005237
005182
005922
000182
000355
003296
007300
002568
000128
006445
002303
006014
000234
007290
007469
001176
003412
000999
006263
005556
006595
007015
000291
004963
000612
000541
003257
004817
001667
004835
004480
004205
000159
006498
000197
004762
005055
002310
006623
003620
001488
004353
007133
002953
000782
003608
007031
002519
005079
001633
006574
006762
006486
000224
004932
003131
000383
004862
000134
002893
004027
006758
001446
006009
004513
003435
007279
004644
001342
005916
007464
002674
003627
000884
003167
001149
004825
005986
004849
003103
002419
001590
002985
005170
001410
002993
005827
005487
002636
005703
004213
005652
005144
004979
000696
006167
001665
004706
004693
006829
000802
000446
001869
003915
001021
003124
007273
000236
005565
002158
000407
001485
004089
007478
001867
000852
002043
005275
005474
006709
000475
000382
000250
005307
005947
004414
003630
000370
005510
004905
005229
002833
007003
004152
003482
000216
003127
003495
001421
001106
004493
006066
000361
003181
004960
001207
006110
001528
004101
003483
007319
003568
007421
002657
002424
003531
007063
003174
006060
004810
002775
002600
001236
003295
005194
000459
002280
002530
003948
004117
002502
003217
004026
006508
006321
005058
004150
006302
005191
002378
000826
006312
004874
003283
004746
004821
001318
000618
002170
002013
000938
003259
000213
006841
000346
001337
005840
006860
005199
000333
003899
005124
002891
000644
000485
001565
006664
006677
002306
007149
005221
005560
005423
004195
002284
002543
003750
006633
002504
005010
003210
001786
002826
003004
004168
004342
002737
002628
003000
007247
000366
005068
004726
006146
005271
005172
001239
001266
003110
001782
